      0/59        2G    0.1097   0.01033    0.0953    0.2154        11      1024         0         0         0         0    0.1055  0.009851   0.04202
      1/59     2.03G    0.1051   0.01081   0.04619    0.1621         3      1024         0         0 1.603e-05 2.391e-06    0.1108  0.008574   0.05384
      2/59     2.03G    0.1047   0.01025   0.03456    0.1495         8      1024         0         0 3.096e-05 4.088e-06    0.1074  0.008712   0.04076
      3/59     2.03G   0.09964   0.01132   0.03018    0.1411         9      1024         0         0  0.001293  0.000273   0.09197   0.01086   0.02399
      4/59     2.03G   0.09545   0.01132   0.02681    0.1336         2      1024         0         0  0.005378 0.0009009   0.09075   0.01024   0.02307
      5/59     2.03G   0.09024   0.01155   0.02557    0.1274        21      1024       0.1 5.297e-05   0.02033  0.004905   0.08221   0.01093   0.02127
      6/59     2.03G   0.08655   0.01146   0.02399     0.122         7      1024    0.1147   0.01036   0.01232  0.002506    0.0831   0.01006   0.02003
      7/59     2.03G   0.08416   0.01141   0.02153    0.1171        11      1024   0.08831   0.02742   0.04257   0.01334   0.07793  0.009968   0.01893
      8/59     2.04G   0.08278   0.01047   0.02074     0.114        12      1024    0.1208   0.09432   0.09068    0.0217   0.07571  0.009817   0.01771
      9/59     2.04G   0.08067   0.01051   0.01853    0.1097        12      1024    0.1458   0.09532     0.112   0.03028   0.07308  0.009617   0.01664
     10/59     2.04G   0.07942   0.01043    0.0174    0.1073        14      1024    0.1168    0.1002   0.07448   0.02431   0.07479   0.00948   0.01725
     11/59     2.04G    0.0779   0.01023   0.01816    0.1063         7      1024   0.07149    0.1044   0.07491   0.02274   0.07347  0.009631   0.01658
     12/59     2.04G   0.07616   0.01026   0.01712    0.1035        14      1024   0.05866    0.1617   0.09159   0.02007   0.07283  0.008815   0.01667
     13/59     2.04G   0.07459  0.009951    0.0154   0.09994        40      1024   0.07112    0.1481   0.09804   0.02614    0.0716  0.008731     0.018
     14/59     2.04G   0.07462   0.01012   0.01514   0.09988        13      1024   0.08386    0.1458    0.1014   0.03509   0.07104  0.009236   0.01567
     15/59     2.04G   0.07355   0.01019   0.01513   0.09887        17      1024     0.114    0.1649    0.1156   0.03395   0.06884  0.008953   0.01576
     16/59     2.04G   0.07328    0.0101   0.01409   0.09747        11      1024   0.09101    0.1695    0.1051   0.02768   0.06942   0.00864   0.01401
     17/59     2.04G   0.07131  0.009896   0.01338   0.09458         7      1024   0.08659    0.2241    0.1416   0.03381   0.06721  0.008933   0.01378
     18/59     2.04G   0.07129  0.009573   0.01308   0.09394        28      1024    0.1294     0.228    0.1086   0.03471   0.06733  0.008657     0.015
     19/59     2.04G   0.06905  0.009796   0.01333   0.09218        20      1024    0.1527     0.196    0.1429   0.03436   0.06633  0.008759   0.01508
     20/59     2.04G   0.06996  0.009829   0.01318   0.09297        20      1024     0.172    0.2322     0.156    0.0438   0.06658  0.008291   0.01346
     21/59     2.04G   0.06944  0.009973   0.01238    0.0918         7      1024    0.1168    0.1749    0.1106   0.02972    0.0672  0.008708   0.01328
     22/59     2.04G   0.06892  0.009793   0.01187   0.09059         7      1024    0.1075     0.222    0.1245   0.02839    0.0664  0.008601   0.01358
     23/59     2.04G   0.06796  0.009513   0.01196   0.08944        11      1024    0.1728     0.199    0.1338   0.04183   0.06578  0.008498   0.01322
     24/59     2.04G   0.06822  0.009768   0.01192   0.08991        23      1024    0.1649    0.2578    0.1414   0.04499   0.06337  0.008338   0.01386
     25/59     2.04G   0.06634   0.00968   0.01113   0.08715        20      1024    0.1057    0.2081    0.1296   0.03577   0.06532  0.008245   0.01395
     26/59     2.04G   0.06662  0.009728   0.01023   0.08657        14      1024    0.1059    0.2038    0.1509   0.04309   0.06313  0.008097    0.0143
     27/59     2.04G   0.06587  0.009727   0.01077   0.08636        26      1024    0.1598    0.2466    0.1477   0.04388   0.06347  0.008261   0.01414
     28/59     2.04G   0.06501  0.009099   0.00978   0.08388        23      1024    0.1051    0.2534    0.1612   0.03898   0.06282  0.008245   0.01241
     29/59     2.04G   0.06465  0.009096   0.01026   0.08401        21      1024    0.1863    0.2817    0.1501   0.05001   0.06133  0.008264   0.01362
     30/59     1.99G   0.06433  0.009517  0.009557    0.0834        11      1024    0.1888    0.2669    0.1654   0.04533   0.06355  0.007968   0.01363
